table of 11 -:[11, 22, 33, 44, 55, 66, 77, 88, 99, 110]
table of 12 -:[12, 24, 36, 48, 60, 72, 84, 96, 108, 120]
table of 13 -:[13, 26, 39, 52, 65, 78, 91, 104, 117, 130]
table of 14 -:[14, 28, 42, 56, 70, 84, 98, 112, 126, 140]
table of 15 -:[15, 30, 45, 60, 75, 90, 105, 120, 135, 150]
table of 16 -:[16, 32, 48, 64, 80, 96, 112, 128, 144, 160]
table of 17 -:[17, 34, 51, 68, 85, 102, 119, 136, 153, 170]
table of 18 -:[18, 36, 54, 72, 90, 108, 126, 144, 162, 180]
table of 19 -:[19, 38, 57, 76, 95, 114, 133, 152, 171, 190]
table of 20 -:[20, 40, 60, 80, 100, 120, 140, 160, 180, 200]
